from tsp import tsp
import time

################################################################
def run(data):
	tsp_obj = tsp(data)
	tour, cost = tsp_obj.ant_colony()
	tour.append(tour[0])

	return tour, cost
###############################################################


#basic1
#basic1=[[0,1,2,1,1],[1,0,1,2,1],[2,1,0,1,1],[1,2,1,0,1],[1,1,1,1,0]]

#basic2
#basic2=[[0, 10, 15, 20], [10, 0, 35, 25],[15, 35, 0, 30], [20, 25, 30, 0]]



#5 points
data1=[[0, 91, 72, 52, 28], [91, 0, 70, 93, 112], [72, 70, 0, 34, 75], [52, 93, 34, 0, 44], [28, 112, 75, 44, 0]]

#10 points
data2=[[0, 37, 32, 24, 31, 26, 41, 26, 34, 34], [37, 0, 69, 13, 57, 63, 49, 59, 48, 54], [32, 69, 0, 56, 24, 8, 48, 33, 39, 34], [24, 13, 56, 0, 47, 50, 44, 45, 41, 46], [31, 57, 24, 47, 0, 26, 24, 48, 16, 9], [26, 63, 8, 50, 26, 0, 48, 25, 40, 35], [41, 49, 48, 44, 24, 48, 0, 65, 8, 14], [26, 59, 33, 45, 48, 25, 65, 0, 57, 55], [34, 48, 39, 41, 16, 40, 8, 57, 0, 7], [34, 54, 34, 46, 9, 35, 14, 55, 7, 0]]

#15 points
data3=[[0, 39, 43, 44, 11, 55, 23, 36, 1, 14, 65, 38, 35, 31, 22], [39, 0, 59, 56, 46, 94, 62, 8, 39, 28, 105, 67, 44, 60, 55], [43, 59, 0, 88, 53, 67, 49, 51, 45, 38, 78, 78, 15, 19, 28], [44, 56, 88, 0, 37, 77, 52, 60, 43, 52, 83, 27, 78, 75, 65], [11, 46, 53, 37, 0, 50, 19, 45, 10, 24, 59, 27, 46, 38, 28], [55, 94, 67, 77, 50, 0, 32, 91, 55, 67, 11, 51, 71, 48, 44], [23, 62, 49, 52, 19, 32, 0, 59, 23, 36, 42, 32, 47, 31, 21], [36, 8, 51, 60, 45, 91, 59, 0, 36, 23, 101, 68, 36, 53, 50], [1, 39, 45, 43, 10, 55, 23, 36, 0, 14, 65, 37, 36, 33, 23], [14, 28, 38, 52, 24, 67, 36, 23, 14, 0, 78, 51, 26, 33, 27], [65, 105, 78, 83, 59, 11, 42, 101, 65, 78, 0, 56, 83, 60, 55], [38, 67, 78, 27, 27, 51, 32, 68, 37, 51, 56, 0, 72, 62, 51], [35, 44, 15, 78, 46, 71, 47, 36, 36, 26, 83, 72, 0, 24, 28], [31, 60, 19, 75, 38, 48, 31, 53, 33, 33, 60, 62, 24, 0, 10], [22, 55, 28, 65, 28, 44, 21, 50, 23, 27, 55, 51, 28, 10, 0]]


#6
data6=[[0, 62, 65, 68, 34, 53], [62, 0, 106, 116, 70, 31], [65, 106, 0, 15, 36, 78], [68, 116, 15, 0, 45, 89], [34, 70, 36, 45, 0, 45], [53, 31, 78, 89, 45, 0]]
#############################
#7
data7=[[0, 70, 38, 74, 65, 38, 37], [70, 0, 97, 77, 12, 75, 70], [38, 97, 0, 63, 96, 28, 31], [74, 77, 63, 0, 84, 38, 37], [65, 12, 96, 84, 0, 76, 72], [38, 75, 28, 38, 76, 0, 4], [37, 70, 31, 37, 72, 4, 0]]

############################
#8
data8=[[0, 18, 29, 69, 52, 67, 81, 78], [18, 0, 15, 59, 36, 61, 63, 70], [29, 15, 0, 43, 23, 46, 54, 55], [69, 59, 43, 0, 32, 14, 53, 14], [52, 36, 23, 32, 0, 42, 33, 46], [67, 61, 46, 14, 42, 0, 67, 11], [81, 63, 54, 53, 33, 67, 0, 66], [78, 70, 55, 14, 46, 11, 66, 0]]

############################3
#9
data9=[[0, 50, 51, 5, 45, 63, 32, 48, 32], [50, 0, 69, 52, 36, 13, 62, 37, 29], [51, 69, 0, 56, 88, 79, 20, 35, 73], [5, 52, 56, 0, 44, 65, 37, 53, 31], [45, 36, 88, 44, 0, 43, 73, 66, 15], [63, 13, 79, 65, 43, 0, 74, 45, 39], [32, 62, 20, 37, 73, 74, 0, 38, 58], [48, 37, 35, 53, 66, 45, 38, 0, 52], [32, 29, 73, 31, 15, 39, 58, 52, 0]]
#####################################



test100=[[0, 1195, 734, 860, 663, 953, 1343, 1182, 453, 998, 931, 1099, 485, 1040, 569, 423, 977, 1045, 863, 833, 1077, 849, 988, 908, 1098, 753, 788, 467, 559, 1123, 971, 826, 583, 499, 707, 796, 655, 591, 767, 1156, 513, 1165, 366, 968, 772, 1122, 573, 644, 984, 1335, 766, 1055, 871, 1224, 117, 591, 754, 333, 556, 409, 456, 273, 1117, 1247, 928, 731, 877, 1331, 1384, 478, 829, 596, 216, 507, 1130, 793, 443, 601, 1036, 511, 779, 1320, 319, 923, 876, 908, 485, 615, 1132, 686, 472, 1367, 285, 1207, 799, 561, 39, 497, 791, 1386], [1195, 0, 1192, 935, 1514, 1404, 1704, 1240, 778, 1946, 769, 2203, 758, 2229, 663, 1015, 1848, 1829, 1687, 1538, 2077, 2018, 285, 2091, 1348, 1942, 1791, 1594, 1276, 1217, 1516, 2018, 826, 1416, 1340, 1276, 1764, 1746, 1952, 953, 887, 2074, 1415, 1068, 1340, 2233, 995, 1835, 849, 1579, 1831, 437, 853, 2290, 1095, 1400, 1949, 1282, 639, 1057, 1394, 1406, 1952, 1388, 270, 1329, 1386, 2456, 1796, 1653, 1660, 1013, 980, 1416, 209, 469, 910, 1763, 1199, 1601, 1552, 2390, 967, 1735, 2021, 2062, 876, 1003, 265, 1877, 1393, 1802, 1005, 2158, 762, 1541, 1212, 1692, 462, 1714], [734, 1192, 0, 313, 1398, 254, 644, 470, 590, 1715, 494, 1161, 894, 1364, 634, 350, 684, 642, 523, 354, 957, 1418, 906, 1224, 363, 1127, 1501, 734, 1268, 412, 337, 1320, 401, 426, 174, 1474, 1326, 878, 1117, 570, 1055, 907, 1095, 309, 149, 1196, 240, 1175, 471, 607, 807, 818, 388, 1199, 767, 325, 1171, 457, 763, 341, 441, 664, 770, 514, 1014, 149, 205, 1416, 708, 865, 504, 211, 681, 1242, 1255, 736, 995, 1220, 321, 684, 1511, 1294, 897, 561, 1481, 1119, 1016, 210, 983, 1093, 1206, 700, 503, 1003, 438, 533, 773, 991, 1033, 680], [860, 935, 313, 0, 1492, 474, 780, 383, 537, 1857, 185, 1469, 840, 1647, 518, 439, 994, 941, 835, 661, 1270, 1642, 652, 1504, 425, 1393, 1648, 994, 1322, 336, 593, 1565, 314, 703, 487, 1488, 1504, 1147, 1387, 301, 1028, 1214, 1223, 155, 455, 1504, 293, 1404, 161, 676, 1109, 527, 83, 1512, 849, 622, 1429, 675, 661, 461, 707, 880, 1072, 507, 805, 462, 469, 1726, 867, 1112, 817, 276, 728, 1340, 1034, 524, 982, 1420, 284, 957, 1592, 1608, 915, 870, 1693, 1412, 990, 255, 702, 1350, 1305, 870, 578, 1313, 184, 823, 898, 1222, 881, 797], [663, 1514, 1398, 1492, 0, 1614, 2001, 1837, 991, 431, 1526, 1441, 789, 1171, 1073, 1072, 1538, 1635, 1460, 1469, 1538, 726, 1410, 1096, 1762, 952, 307, 940, 239, 1779, 1623, 837, 1187, 1121, 1365, 384, 426, 966, 985, 1775, 628, 1680, 323, 1616, 1432, 1449, 1221, 712, 1594, 1999, 1224, 1547, 1486, 1598, 644, 1230, 905, 979, 978, 1066, 1079, 829, 1677, 1909, 1258, 1390, 1537, 1602, 2036, 847, 1427, 1247, 765, 156, 1366, 1262, 618, 547, 1694, 1016, 125, 1676, 613, 1516, 667, 1193, 644, 1265, 1560, 887, 191, 2016, 919, 1689, 1394, 1138, 625, 736, 1052, 2045], [953, 1404, 254, 474, 1614, 0, 395, 401, 844, 1903, 656, 1134, 1149, 1412, 884, 599, 587, 500, 451, 278, 886, 1546, 1119, 1279, 215, 1210, 1688, 845, 1502, 358, 125, 1427, 649, 544, 255, 1716, 1496, 965, 1193, 629, 1307, 787, 1301, 379, 183, 1171, 495, 1303, 602, 389, 825, 1001, 557, 1138, 1000, 422, 1263, 641, 1016, 585, 575, 829, 631, 366, 1248, 225, 80, 1378, 454, 984, 448, 465, 925, 1459, 1486, 966, 1245, 1375, 292, 778, 1731, 1225, 1144, 463, 1620, 1150, 1268, 461, 1176, 1189, 1424, 446, 747, 894, 641, 610, 991, 1124, 1282, 435], [1343, 1704, 644, 780, 2001, 395, 0, 492, 1228, 2270, 935, 1299, 1537, 1651, 1255, 994, 730, 595, 667, 562, 1013, 1865, 1427, 1533, 356, 1495, 2055, 1173, 1896, 496, 381, 1729, 1020, 898, 636, 2112, 1851, 1267, 1472, 799, 1700, 850, 1683, 637, 571, 1334, 880, 1628, 856, 167, 1070, 1275, 857, 1253, 1395, 779, 1556, 1021, 1393, 980, 936, 1195, 693, 349, 1585, 612, 467, 1510, 99, 1312, 684, 850, 1321, 1846, 1814, 1303, 1639, 1720, 505, 1098, 2120, 1321, 1539, 641, 1948, 1383, 1661, 843, 1454, 1489, 1811, 120, 1143, 959, 964, 931, 1380, 1458, 1645, 52], [1182, 1240, 470, 383, 1837, 401, 492, 0, 915, 2176, 485, 1536, 1222, 1800, 901, 765, 986, 886, 853, 678, 1286, 1887, 975, 1663, 197, 1580, 1962, 1195, 1683, 59, 515, 1784, 691, 885, 595, 1862, 1794, 1332, 1567, 307, 1408, 1175, 1548, 232, 526, 1573, 617, 1643, 395, 344, 1218, 804, 436, 1538, 1193, 771, 1629, 927, 1044, 773, 906, 1134, 1014, 149, 1157, 561, 460, 1780, 590, 1330, 849, 590, 1084, 1682, 1371, 886, 1359, 1690, 149, 1139, 1943, 1624, 1284, 863, 1952, 1542, 1370, 573, 981, 1552, 1647, 606, 918, 1284, 555, 977, 1221, 1459, 1256, 488], [453, 778, 590, 537, 991, 844, 1228, 915, 0, 1388, 537, 1429, 311, 1457, 118, 278, 1131, 1145, 979, 866, 1326, 1303, 542, 1318, 905, 1172, 1192, 816, 798, 863, 918, 1274, 224, 660, 675, 951, 1095, 968, 1181, 793, 492, 1352, 767, 683, 707, 1458, 349, 1093, 611, 1165, 1059, 603, 511, 1524, 385, 673, 1185, 509, 185, 314, 631, 629, 1254, 1023, 529, 679, 791, 1680, 1297, 880, 948, 379, 249, 847, 761, 342, 445, 1053, 793, 823, 1079, 1624, 387, 1035, 1327, 1284, 454, 385, 683, 1111, 814, 1290, 227, 1424, 407, 778, 481, 934, 471, 1259], [998, 1946, 1715, 1857, 431, 1903, 2270, 2176, 1388, 0, 1913, 1457, 1214, 1088, 1480, 1421, 1703, 1821, 1662, 1713, 1627, 595, 1836, 1065, 2075, 963, 215, 1118, 670, 2117, 1889, 759, 1567, 1371, 1648, 752, 430, 1080, 999, 2150, 1059, 1799, 634, 1966, 1721, 1454, 1572, 728, 1974, 2293, 1344, 1964, 1862, 1619, 1015, 1490, 899, 1265, 1397, 1407, 1334, 1076, 1834, 2229, 1688, 1678, 1824, 1554, 2289, 990, 1633, 1595, 1147, 547, 1796, 1680, 1046, 581, 2028, 1197, 417, 1678, 1027, 1712, 496, 1205, 1074, 1614, 1986, 919, 577, 2266, 1279, 1781, 1780, 1351, 959, 847, 1483, 2318], [931, 769, 494, 185, 1526, 656, 935, 485, 537, 1913, 0, 1640, 809, 1794, 478, 535, 1177, 1127, 1017, 845, 1449, 1751, 494, 1650, 579, 1530, 1711, 1133, 1335, 454, 777, 1686, 348, 858, 666, 1474, 1586, 1290, 1528, 265, 1003, 1399, 1282, 299, 639, 1674, 411, 1519, 92, 814, 1274, 346, 105, 1689, 898, 789, 1562, 802, 612, 567, 856, 999, 1257, 628, 672, 643, 655, 1898, 1027, 1242, 998, 407, 766, 1379, 887, 406, 968, 1517, 430, 1104, 1616, 1785, 923, 1054, 1793, 1569, 968, 387, 524, 1483, 1345, 1033, 646, 1497, 132, 982, 967, 1340, 784, 946], [1099, 2203, 1161, 1469, 1441, 1134, 1299, 1536, 1429, 1457, 1640, 0, 1577, 437, 1540, 1193, 572, 703, 683, 858, 291, 874, 1943, 397, 1346, 499, 1292, 634, 1506, 1490, 1029, 703, 1399, 797, 988, 1760, 1063, 516, 464, 1724, 1607, 484, 1173, 1458, 1038, 36, 1253, 745, 1630, 1418, 374, 1922, 1537, 162, 1216, 850, 559, 921, 1593, 1150, 813, 832, 616, 1485, 1958, 1018, 1079, 258, 1257, 641, 686, 1247, 1278, 1341, 2186, 1741, 1539, 912, 1414, 608, 1559, 235, 1417, 681, 977, 253, 1582, 1264, 2060, 557, 1322, 1224, 1203, 405, 1551, 670, 1105, 712, 1865, 1350], [485, 758, 894, 840, 789, 1149, 1537, 1222, 311, 1214, 809, 1577, 0, 1520, 331, 558, 1370, 1404, 1229, 1140, 1523, 1264, 621, 1390, 1217, 1233, 1044, 942, 564, 1172, 1214, 1277, 533, 878, 960, 666, 1005, 1075, 1250, 1073, 194, 1580, 656, 991, 1000, 1601, 656, 1095, 893, 1477, 1227, 763, 804, 1693, 369, 922, 1229, 704, 202, 584, 841, 744, 1501, 1334, 489, 968, 1091, 1813, 1603, 963, 1195, 687, 302, 671, 659, 480, 173, 1009, 1103, 974, 853, 1791, 208, 1287, 1263, 1393, 161, 694, 772, 1164, 644, 1595, 438, 1639, 691, 978, 490, 971, 315, 1569], [1040, 2229, 1364, 1647, 1171, 1412, 1651, 1800, 1457, 1088, 1794, 437, 1520, 0, 1576, 1281, 928, 1067, 990, 1138, 702, 493, 1999, 143, 1626, 287, 957, 663, 1296, 1747, 1329, 340, 1495, 944, 1209, 1533, 751, 505, 276, 1932, 1496, 902, 971, 1674, 1274, 418, 1383, 470, 1806, 1747, 589, 2023, 1699, 584, 1151, 1040, 294, 998, 1591, 1242, 939, 830, 1009, 1778, 1965, 1243, 1342, 467, 1625, 577, 979, 1387, 1251, 1109, 2171, 1796, 1436, 626, 1661, 690, 1274, 618, 1327, 1009, 592, 268, 1480, 1407, 2134, 355, 1099, 1594, 1237, 836, 1683, 831, 1030, 549, 1831, 1704], [569, 663, 634, 518, 1073, 884, 1255, 901, 118, 1480, 478, 1540, 331, 1576, 0, 365, 1220, 1224, 1064, 938, 1427, 1418, 424, 1436, 917, 1291, 1290, 932, 867, 854, 970, 1392, 235, 761, 742, 996, 1203, 1085, 1299, 742, 525, 1443, 869, 672, 764, 1569, 396, 1211, 561, 1177, 1169, 493, 475, 1631, 493, 762, 1304, 618, 143, 405, 736, 747, 1337, 1021, 422, 741, 839, 1792, 1330, 999, 1034, 423, 359, 935, 661, 224, 491, 1167, 792, 937, 1153, 1731, 460, 1117, 1439, 1400, 490, 424, 564, 1230, 904, 1326, 342, 1519, 360, 882, 595, 1053, 400, 1281], [423, 1015, 350, 439, 1072, 599, 994, 765, 278, 1421, 535, 1193, 558, 1281, 365, 0, 856, 867, 701, 589, 1064, 1216, 750, 1138, 703, 1008, 1211, 619, 925, 707, 657, 1153, 214, 401, 403, 1124, 1065, 777, 1009, 739, 707, 1078, 788, 546, 443, 1224, 150, 984, 573, 955, 819, 743, 459, 1274, 429, 397, 1034, 284, 463, 42, 380, 466, 976, 843, 787, 410, 536, 1449, 1053, 715, 670, 175, 331, 917, 1026, 548, 645, 986, 622, 606, 1179, 1375, 546, 757, 1261, 1077, 669, 193, 869, 956, 882, 1043, 155, 1153, 411, 526, 461, 806, 749, 1030], [977, 1848, 684, 994, 1538, 587, 730, 986, 1131, 1703, 1177, 572, 1370, 928, 1220, 856, 0, 139, 162, 334, 301, 1210, 1567, 819, 790, 812, 1501, 599, 1512, 945, 471, 1055, 1023, 493, 515, 1763, 1273, 626, 783, 1208, 1467, 226, 1219, 946, 539, 608, 852, 994, 1147, 846, 375, 1499, 1072, 553, 1077, 459, 878, 670, 1315, 817, 533, 726, 140, 920, 1638, 535, 547, 800, 698, 714, 187, 835, 1076, 1399, 1879, 1379, 1396, 1123, 878, 522, 1663, 638, 1273, 126, 1304, 661, 1433, 847, 1659, 824, 1369, 666, 935, 319, 1117, 417, 1002, 856, 1602, 783], [1045, 1829, 642, 941, 1635, 500, 595, 886, 1145, 1821, 1127, 703, 1404, 1067, 1224, 867, 139, 0, 182, 291, 421, 1341, 1545, 958, 689, 947, 1615, 707, 1593, 851, 375, 1189, 1012, 547, 489, 1839, 1391, 751, 919, 1129, 1517, 288, 1313, 874, 493, 738, 839, 1121, 1086, 718, 510, 1460, 1022, 668, 1136, 482, 1013, 722, 1330, 832, 589, 811, 132, 807, 1633, 500, 476, 921, 559, 831, 216, 818, 1120, 1491, 1876, 1365, 1447, 1244, 791, 628, 1760, 746, 1326, 122, 1434, 801, 1482, 826, 1626, 956, 1460, 528, 966, 397, 1081, 498, 1074, 975, 1616, 647], [863, 1687, 523, 835, 1460, 451, 667, 853, 979, 1662, 1017, 683, 1229, 990, 1064, 701, 162, 182, 0, 180, 441, 1209, 1406, 867, 662, 829, 1453, 544, 1412, 808, 347, 1066, 862, 365, 353, 1658, 1233, 610, 805, 1058, 1337, 388, 1137, 794, 380, 720, 691, 979, 989, 757, 403, 1337, 912, 691, 954, 307, 891, 540, 1164, 664, 407, 632, 274, 803, 1479, 374, 400, 927, 656, 675, 34, 674, 940, 1314, 1721, 1219, 1267, 1090, 735, 465, 1584, 782, 1145, 60, 1297, 722, 1302, 685, 1497, 827, 1283, 628, 791, 480, 955, 321, 892, 821, 1450, 720], [833, 1538, 354, 661, 1469, 278, 562, 678, 866, 1713, 845, 858, 1140, 1138, 938, 589, 334, 291, 180, 0, 622, 1306, 1254, 1008, 492, 949, 1499, 611, 1393, 631, 194, 1176, 722, 348, 198, 1627, 1291, 712, 930, 878, 1268, 553, 1146, 614, 206, 895, 549, 1067, 813, 621, 549, 1172, 740, 871, 908, 242, 1007, 500, 1050, 557, 389, 645, 416, 640, 1343, 209, 221, 1105, 576, 750, 171, 527, 869, 1317, 1586, 1074, 1200, 1158, 556, 537, 1591, 962, 1084, 208, 1387, 874, 1231, 535, 1337, 936, 1284, 553, 704, 652, 792, 369, 867, 895, 1333, 612], [1077, 2077, 957, 1270, 1538, 886, 1013, 1286, 1326, 1627, 1449, 291, 1523, 702, 1427, 1064, 301, 421, 441, 622, 0, 1076, 1804, 625, 1091, 672, 1441, 624, 1560, 1245, 772, 908, 1254, 666, 783, 1816, 1208, 572, 637, 1500, 1588, 199, 1238, 1235, 819, 324, 1092, 898, 1427, 1139, 320, 1756, 1344, 252, 1189, 680, 740, 825, 1503, 1022, 694, 804, 326, 1221, 1849, 808, 841, 500, 968, 692, 454, 1080, 1220, 1417, 2087, 1608, 1518, 1053, 1175, 567, 1661, 340, 1392, 423, 1177, 459, 1559, 1094, 1908, 708, 1392, 935, 1110, 154, 1376, 550, 1093, 807, 1786, 1064], [849, 2018, 1418, 1642, 726, 1546, 1865, 1887, 1303, 595, 1751, 874, 1264, 493, 1418, 1216, 1210, 1341, 1209, 1306, 1076, 0, 1832, 477, 1746, 405, 473, 701, 897, 1829, 1498, 170, 1412, 1007, 1302, 1106, 303, 599, 439, 1944, 1184, 1263, 621, 1713, 1376, 867, 1351, 244, 1787, 1924, 834, 1905, 1674, 1035, 931, 1127, 337, 971, 1389, 1186, 982, 763, 1326, 1905, 1747, 1336, 1468, 959, 1864, 562, 1187, 1365, 1060, 704, 1919, 1641, 1137, 255, 1739, 770, 812, 1088, 1056, 1249, 103, 629, 1179, 1386, 1979, 385, 707, 1837, 1116, 1228, 1624, 940, 822, 427, 1577, 1917], [988, 285, 906, 652, 1410, 1119, 1427, 975, 542, 1836, 494, 1943, 621, 1999, 424, 750, 1567, 1545, 1406, 1254, 1804, 1832, 0, 1859, 1071, 1715, 1662, 1350, 1181, 948, 1230, 1814, 550, 1149, 1057, 1238, 1601, 1505, 1722, 706, 792, 1793, 1257, 790, 1054, 1974, 715, 1632, 580, 1308, 1569, 204, 572, 2023, 901, 1124, 1728, 1026, 449, 792, 1130, 1169, 1669, 1121, 220, 1045, 1100, 2198, 1517, 1422, 1380, 731, 773, 1291, 397, 204, 792, 1579, 923, 1349, 1469, 2123, 815, 1453, 1848, 1817, 770, 721, 151, 1654, 1264, 1522, 763, 1880, 477, 1275, 1011, 1477, 413, 1439], [908, 2091, 1224, 1504, 1096, 1279, 1533, 1663, 1318, 1065, 1650, 397, 1390, 143, 1436, 1138, 819, 958, 867, 1008, 625, 477, 1859, 0, 1493, 160, 912, 519, 1200, 1610, 1200, 307, 1352, 802, 1071, 1444, 691, 361, 140, 1790, 1377, 821, 869, 1533, 1137, 390, 1239, 384, 1663, 1622, 463, 1880, 1556, 558, 1021, 899, 191, 854, 1455, 1099, 796, 689, 913, 1646, 1829, 1105, 1208, 507, 1512, 438, 854, 1243, 1116, 1019, 2038, 1655, 1314, 550, 1524, 547, 1206, 613, 1203, 891, 580, 166, 1359, 1263, 1992, 232, 1006, 1482, 1096, 770, 1540, 691, 900, 426, 1700, 1585], [1098, 1348, 363, 425, 1762, 215, 356, 197, 905, 2075, 579, 1346, 1217, 1626, 917, 703, 790, 689, 662, 492, 1091, 1746, 1071, 1493, 0, 1419, 1860, 1046, 1628, 169, 319, 1633, 687, 739, 443, 1826, 1677, 1173, 1404, 473, 1391, 977, 1458, 280, 370, 1383, 569, 1502, 503, 260, 1040, 922, 500, 1343, 1128, 619, 1471, 810, 1058, 700, 766, 1010, 817, 158, 1230, 410, 284, 1587, 447, 1184, 662, 539, 1034, 1605, 1458, 949, 1335, 1564, 149, 984, 1874, 1428, 1246, 669, 1817, 1365, 1352, 527, 1101, 1396, 1570, 455, 859, 1086, 609, 817, 1137, 1320, 1299, 372], [753, 1942, 1127, 1393, 952, 1210, 1495, 1580, 1172, 963, 1530, 499, 1233, 287, 1291, 1008, 812, 947, 829, 949, 672, 405, 1715, 160, 1419, 0, 793, 398, 1045, 1525, 1144, 243, 1220, 701, 985, 1292, 563, 249, 35, 1685, 1217, 857, 713, 1435, 1054, 502, 1118, 246, 1549, 1570, 437, 1745, 1440, 660, 864, 809, 68, 728, 1304, 970, 688, 548, 923, 1576, 1678, 1019, 1135, 652, 1485, 294, 811, 1125, 964, 867, 1884, 1512, 1154, 414, 1437, 443, 1066, 730, 1044, 863, 506, 245, 1199, 1146, 1851, 72, 852, 1456, 954, 825, 1415, 604, 744, 266, 1544, 1548], [788, 1791, 1501, 1648, 307, 1688, 2055, 1962, 1192, 215, 1711, 1292, 1044, 957, 1290, 1211, 1501, 1615, 1453, 1499, 1441, 473, 1662, 912, 1860, 793, 0, 909, 535, 1904, 1674, 618, 1363, 1156, 1433, 683, 233, 883, 828, 1944, 905, 1607, 428, 1755, 1505, 1293, 1361, 548, 1769, 2078, 1149, 1779, 1657, 1454, 813, 1276, 733, 1050, 1216, 1195, 1119, 861, 1634, 2015, 1528, 1463, 1608, 1415, 2076, 786, 1424, 1384, 948, 375, 1655, 1497, 882, 388, 1814, 989, 357, 1520, 847, 1505, 393, 1038, 915, 1403, 1813, 740, 399, 2053, 1072, 1596, 1578, 1139, 750, 646, 1329, 2103], [467, 1594, 734, 994, 940, 845, 1173, 1195, 816, 1118, 1133, 634, 942, 663, 932, 619, 599, 707, 544, 611, 624, 701, 1350, 519, 1046, 398, 909, 0, 938, 1139, 800, 588, 833, 310, 604, 1193, 689, 158, 394, 1287, 979, 744, 626, 1039, 676, 658, 721, 458, 1150, 1224, 305, 1362, 1041, 756, 584, 427, 438, 334, 969, 579, 292, 198, 737, 1205, 1339, 638, 766, 873, 1182, 140, 515, 727, 645, 806, 1561, 1146, 909, 549, 1049, 79, 1066, 853, 786, 595, 778, 468, 952, 747, 1479, 359, 779, 1156, 589, 766, 1020, 241, 477, 284, 1234, 1224], [559, 1276, 1268, 1322, 239, 1502, 1896, 1683, 798, 670, 1335, 1506, 564, 1296, 867, 925, 1512, 1593, 1412, 1393, 1560, 897, 1181, 1200, 1628, 1045, 535, 938, 0, 1627, 1528, 979, 1009, 1054, 1263, 256, 595, 1001, 1074, 1591, 392, 1679, 334, 1455, 1325, 1519, 1068, 826, 1409, 1876, 1240, 1327, 1306, 1654, 502, 1150, 1010, 892, 760, 927, 1011, 786, 1653, 1768, 1022, 1284, 1429, 1695, 1941, 875, 1379, 1097, 598, 193, 1127, 1043, 390, 677, 1545, 1005, 289, 1741, 411, 1472, 857, 1270, 411, 1112, 1330, 974, 196, 1925, 769, 1703, 1206, 1098, 525, 796, 814, 1937], [1123, 1217, 412, 336, 1779, 358, 496, 59, 863, 2117, 454, 1490, 1172, 1747, 854, 707, 945, 851, 808, 631, 1245, 1829, 948, 1610, 169, 1525, 1904, 1139, 1627, 0, 476, 1727, 639, 828, 540, 1808, 1735, 1276, 1512, 308, 1356, 1139, 1489, 182, 473, 1527, 559, 1585, 368, 361, 1167, 783, 396, 1497, 1136, 716, 1573, 868, 997, 714, 849, 1076, 980, 174, 1123, 506, 411, 1736, 593, 1273, 803, 532, 1028, 1624, 1342, 848, 1306, 1632, 90, 1083, 1886, 1584, 1229, 821, 1893, 1491, 1318, 515, 962, 1495, 1589, 605, 861, 1248, 513, 922, 1163, 1402, 1215, 499], [971, 1516, 337, 593, 1623, 125, 381, 515, 918, 1889, 777, 1029, 1214, 1329, 970, 657, 471, 375, 347, 194, 772, 1498, 1230, 1200, 319, 1144, 1674, 800, 1528, 476, 0, 1370, 738, 517, 266, 1752, 1472, 906, 1124, 754, 1362, 664, 1304, 505, 214, 1066, 574, 1258, 726, 427, 739, 1120, 676, 1024, 1031, 398, 1201, 644, 1097, 635, 555, 813, 507, 456, 1349, 249, 132, 1268, 413, 940, 351, 546, 971, 1469, 1589, 1069, 1298, 1343, 416, 728, 1743, 1109, 1190, 350, 1578, 1063, 1324, 546, 1293, 1130, 1435, 396, 795, 772, 753, 558, 1007, 1083, 1370, 429], [826, 2018, 1320, 1565, 837, 1427, 1729, 1784, 1274, 759, 1686, 703, 1277, 340, 1392, 1153, 1055, 1189, 1066, 1176, 908, 170, 1814, 307, 1633, 243, 618, 588, 979, 1727, 1370, 0, 1358, 898, 1191, 1206, 413, 463, 274, 1863, 1222, 1097, 670, 1622, 1263, 697, 1279, 182, 1715, 1797, 679, 1868, 1603, 864, 923, 1014, 176, 890, 1380, 1119, 878, 687, 1167, 1790, 1748, 1226, 1350, 798, 1723, 455, 1046, 1290, 1042, 787, 1936, 1616, 1168, 301, 1637, 649, 936, 919, 1073, 1102, 274, 458, 1212, 1311, 1957, 240, 782, 1694, 1071, 1059, 1564, 817, 806, 347, 1592, 1781], [583, 826, 401, 314, 1187, 649, 1020, 691, 224, 1567, 348, 1399, 533, 1495, 235, 214, 1023, 1012, 862, 722, 1254, 1412, 550, 1352, 687, 1220, 1363, 833, 1009, 639, 738, 1358, 0, 602, 524, 1173, 1238, 991, 1222, 587, 716, 1248, 934, 459, 537, 1431, 172, 1185, 407, 947, 1025, 529, 299, 1474, 551, 574, 1245, 499, 372, 254, 587, 675, 1131, 800, 621, 518, 606, 1657, 1095, 927, 835, 195, 423, 1038, 864, 356, 668, 1174, 570, 819, 1283, 1574, 601, 912, 1450, 1291, 679, 192, 660, 1167, 1004, 1091, 299, 1332, 216, 730, 619, 1011, 633, 1048], [499, 1416, 426, 703, 1121, 544, 898, 885, 660, 1371, 858, 797, 878, 944, 761, 401, 493, 547, 365, 348, 666, 1007, 1149, 802, 739, 701, 1156, 310, 1054, 828, 517, 898, 602, 0, 295, 1296, 955, 452, 691, 988, 974, 702, 798, 734, 369, 829, 457, 763, 863, 930, 423, 1125, 760, 873, 589, 121, 745, 177, 839, 358, 43, 297, 628, 897, 1184, 329, 464, 1055, 922, 446, 330, 455, 582, 970, 1421, 949, 904, 831, 739, 258, 1244, 973, 782, 425, 1078, 710, 940, 473, 1263, 667, 937, 900, 448, 766, 759, 127, 530, 581, 1124, 947], [707, 1340, 174, 487, 1365, 255, 636, 595, 675, 1648, 666, 988, 960, 1209, 742, 403, 515, 489, 353, 198, 783, 1302, 1057, 1071, 443, 985, 1433, 604, 1263, 540, 266, 1191, 524, 295, 0, 1486, 1241, 736, 972, 737, 1100, 740, 1049, 472, 73, 1024, 351, 1058, 645, 644, 640, 983, 561, 1025, 765, 177, 1034, 387, 859, 376, 323, 574, 611, 602, 1145, 34, 175, 1243, 678, 741, 332, 329, 706, 1210, 1388, 876, 1035, 1123, 453, 544, 1483, 1120, 925, 396, 1373, 958, 1063, 337, 1144, 957, 1175, 662, 533, 834, 601, 381, 744, 877, 1140, 680], [796, 1276, 1474, 1488, 384, 1716, 2112, 1862, 951, 752, 1474, 1760, 666, 1533, 996, 1124, 1763, 1839, 1658, 1627, 1816, 1106, 1238, 1444, 1826, 1292, 683, 1193, 256, 1808, 1752, 1206, 1173, 1296, 1486, 0, 803, 1256, 1322, 1737, 471, 1933, 587, 1631, 1544, 1772, 1258, 1064, 1555, 2080, 1496, 1408, 1461, 1909, 721, 1386, 1253, 1128, 868, 1133, 1253, 1037, 1903, 1959, 1048, 1505, 1646, 1944, 2163, 1131, 1624, 1288, 793, 425, 1099, 1135, 507, 908, 1731, 1259, 338, 1995, 580, 1717, 1051, 1521, 505, 1301, 1379, 1222, 440, 2149, 971, 1959, 1352, 1347, 766, 1048, 835, 2151], [655, 1764, 1326, 1504, 426, 1496, 1851, 1794, 1095, 430, 1586, 1063, 1005, 751, 1203, 1065, 1273, 1391, 1233, 1291, 1208, 303, 1601, 691, 1677, 563, 233, 689, 595, 1735, 1472, 413, 1238, 955, 1241, 803, 0, 652, 598, 1804, 904, 1374, 348, 1597, 1315, 1065, 1211, 317, 1635, 1884, 917, 1696, 1522, 1224, 710, 1076, 506, 868, 1152, 1043, 921, 667, 1404, 1834, 1494, 1273, 1415, 1197, 1866, 560, 1205, 1231, 846, 403, 1650, 1421, 864, 154, 1645, 768, 522, 1293, 797, 1283, 266, 809, 903, 1251, 1751, 508, 408, 1842, 940, 1362, 1455, 925, 621, 417, 1312, 1901], [591, 1746, 878, 1147, 966, 965, 1267, 1332, 968, 1080, 1290, 516, 1075, 505, 1085, 777, 626, 751, 610, 712, 572, 599, 1505, 361, 1173, 249, 883, 158, 1001, 1276, 906, 463, 991, 452, 736, 1256, 652, 0, 240, 1438, 1093, 725, 672, 1186, 807, 535, 878, 370, 1305, 1333, 266, 1520, 1197, 656, 708, 560, 298, 493, 1116, 737, 441, 340, 754, 1330, 1488, 771, 889, 740, 1265, 126, 587, 883, 784, 848, 1706, 1301, 1025, 499, 1188, 194, 1089, 746, 905, 652, 687, 319, 1069, 903, 1636, 224, 825, 1238, 743, 724, 1178, 356, 593, 238, 1374, 1319], [767, 1952, 1117, 1387, 985, 1193, 1472, 1567, 1181, 999, 1528, 464, 1250, 276, 1299, 1009, 783, 919, 805, 930, 637, 439, 1722, 140, 1404, 35, 828, 394, 1074, 1512, 1124, 274, 1222, 691, 972, 1322, 598, 240, 0, 1678, 1238, 824, 741, 1425, 1040, 467, 1116, 281, 1544, 1550, 409, 1748, 1436, 625, 880, 796, 102, 727, 1315, 970, 681, 553, 893, 1559, 1689, 1006, 1119, 621, 1460, 300, 788, 1121, 976, 897, 1898, 1519, 1175, 448, 1424, 433, 1099, 695, 1062, 838, 540, 210, 1219, 1142, 1857, 99, 882, 1431, 960, 790, 1414, 590, 760, 288, 1559, 1525], [1156, 953, 570, 301, 1775, 629, 799, 307, 793, 2150, 265, 1724, 1073, 1932, 742, 739, 1208, 1129, 1058, 878, 1500, 1944, 706, 1790, 473, 1685, 1944, 1287, 1591, 308, 754, 1863, 587, 988, 737, 1737, 1804, 1438, 1678, 0, 1267, 1415, 1516, 266, 686, 1760, 594, 1705, 182, 651, 1376, 517, 288, 1749, 1137, 895, 1724, 974, 877, 763, 997, 1181, 1261, 455, 907, 706, 660, 1977, 897, 1410, 1047, 578, 1010, 1625, 1102, 660, 1231, 1722, 341, 1245, 1869, 1841, 1180, 1082, 1995, 1689, 1232, 557, 690, 1645, 1591, 911, 872, 1521, 386, 1101, 1194, 1522, 1039, 796], [513, 887, 1055, 1028, 628, 1307, 1700, 1408, 492, 1059, 1003, 1607, 194, 1496, 525, 707, 1467, 1517, 1337, 1268, 1588, 1184, 792, 1377, 1391, 1217, 905, 979, 392, 1356, 1362, 1222, 716, 974, 1100, 471, 904, 1093, 1238, 1267, 0, 1666, 563, 1176, 1148, 1628, 823, 1046, 1086, 1649, 1279, 947, 995, 1736, 399, 1037, 1201, 797, 396, 726, 934, 786, 1603, 1514, 630, 1113, 1244, 1830, 1761, 972, 1303, 854, 398, 531, 751, 668, 71, 935, 1284, 1024, 677, 1831, 196, 1397, 1169, 1402, 38, 864, 940, 1145, 511, 1750, 567, 1715, 883, 1058, 502, 950, 424, 1734], [1165, 2074, 907, 1214, 1680, 787, 850, 1175, 1352, 1799, 1399, 484, 1580, 902, 1443, 1078, 226, 288, 388, 553, 199, 1263, 1793, 821, 977, 857, 1607, 744, 1679, 1139, 664, 1097, 1248, 702, 740, 1933, 1374, 725, 824, 1415, 1666, 0, 1370, 1157, 760, 515, 1078, 1073, 1365, 989, 459, 1723, 1294, 406, 1270, 681, 925, 876, 1535, 1039, 739, 901, 162, 1092, 1862, 758, 757, 664, 795, 835, 413, 1062, 1282, 1550, 2103, 1605, 1595, 1220, 1079, 674, 1805, 470, 1471, 345, 1363, 655, 1634, 1073, 1885, 887, 1523, 762, 1150, 110, 1342, 607, 1186, 963, 1821, 899], [366, 1415, 1095, 1223, 323, 1301, 1683, 1548, 767, 634, 1282, 1173, 656, 971, 869, 788, 1219, 1313, 1137, 1146, 1238, 621, 1257, 869, 1458, 713, 428, 626, 334, 1489, 1304, 670, 934, 798, 1049, 587, 348, 672, 741, 1516, 563, 1370, 0, 1334, 1118, 1185, 939, 504, 1340, 1688, 920, 1361, 1229, 1322, 385, 909, 681, 662, 808, 775, 757, 505, 1359, 1609, 1146, 1076, 1223, 1361, 1716, 548, 1104, 962, 520, 180, 1304, 1082, 518, 374, 1401, 699, 447, 1407, 448, 1194, 609, 935, 559, 981, 1408, 641, 153, 1696, 645, 1385, 1149, 815, 326, 462, 963, 1729], [968, 1068, 309, 155, 1616, 379, 637, 232, 683, 1966, 299, 1458, 991, 1674, 672, 546, 946, 874, 794, 614, 1235, 1713, 790, 1533, 280, 1435, 1755, 1039, 1455, 182, 505, 1622, 459, 734, 472, 1631, 1597, 1186, 1425, 266, 1176, 1157, 1334, 0, 420, 1494, 396, 1471, 228, 524, 1112, 643, 222, 1484, 971, 634, 1477, 742, 815, 559, 747, 951, 1006, 351, 954, 441, 399, 1711, 728, 1167, 781, 371, 857, 1462, 1179, 675, 1127, 1503, 133, 992, 1720, 1576, 1054, 819, 1771, 1428, 1138, 353, 822, 1398, 1427, 734, 696, 1261, 336, 842, 1007, 1287, 1036, 650], [772, 1340, 149, 455, 1432, 183, 571, 526, 707, 1721, 639, 1038, 1000, 1274, 764, 443, 539, 493, 380, 206, 819, 1376, 1054, 1137, 370, 1054, 1505, 676, 1325, 473, 214, 1263, 537, 369, 73, 1544, 1315, 807, 1040, 686, 1148, 760, 1118, 420, 0, 1074, 367, 1132, 609, 572, 698, 967, 533, 1065, 825, 249, 1104, 457, 887, 421, 397, 647, 621, 528, 1156, 42, 104, 1291, 618, 814, 364, 342, 758, 1277, 1398, 881, 1084, 1197, 387, 615, 1550, 1159, 977, 415, 1447, 1019, 1110, 345, 1133, 1028, 1242, 605, 582, 858, 587, 450, 810, 950, 1164, 614], [1122, 2233, 1196, 1504, 1449, 1171, 1334, 1573, 1458, 1454, 1674, 36, 1601, 418, 1569, 1224, 608, 738, 720, 895, 324, 867, 1974, 390, 1383, 502, 1293, 658, 1519, 1527, 1066, 697, 1431, 829, 1024, 1772, 1065, 535, 467, 1760, 1628, 515, 1185, 1494, 1074, 0, 1286, 748, 1665, 1454, 406, 1955, 1571, 169, 1239, 884, 559, 951, 1621, 1182, 844, 857, 650, 1521, 1986, 1053, 1115, 225, 1292, 659, 723, 1280, 1303, 1352, 2214, 1771, 1560, 916, 1450, 635, 1565, 228, 1439, 718, 970, 257, 1604, 1297, 2092, 563, 1333, 1259, 1231, 433, 1585, 702, 1127, 723, 1891, 1385], [573, 995, 240, 293, 1221, 495, 880, 617, 349, 1572, 411, 1253, 656, 1383, 396, 150, 852, 839, 691, 549, 1092, 1351, 715, 1239, 569, 1118, 1361, 721, 1068, 559, 574, 1279, 172, 457, 351, 1258, 1211, 878, 1116, 594, 823, 1078, 939, 396, 367, 1286, 0, 1115, 437, 826, 881, 669, 324, 1318, 576, 412, 1151, 391, 523, 168, 450, 592, 959, 701, 794, 346, 444, 1511, 947, 831, 664, 30, 469, 1066, 1037, 527, 766, 1127, 477, 695, 1326, 1417, 678, 740, 1400, 1163, 785, 43, 816, 1071, 1031, 940, 301, 1164, 302, 584, 612, 934, 796, 912], [644, 1835, 1175, 1404, 712, 1303, 1628, 1643, 1093, 728, 1519, 745, 1095, 470, 1211, 984, 994, 1121, 979, 1067, 898, 244, 1632, 384, 1502, 246, 548, 458, 826, 1585, 1258, 182, 1185, 763, 1058, 1064, 317, 370, 281, 1705, 1046, 1073, 504, 1471, 1132, 748, 1115, 0, 1552, 1682, 624, 1690, 1439, 906, 740, 883, 193, 731, 1197, 952, 738, 523, 1118, 1661, 1565, 1092, 1224, 890, 1631, 319, 955, 1128, 860, 639, 1753, 1436, 990, 168, 1495, 530, 823, 976, 892, 1022, 320, 492, 1034, 1149, 1776, 192, 629, 1604, 894, 1053, 1394, 699, 623, 184, 1410, 1679], [984, 849, 471, 161, 1594, 602, 856, 395, 611, 1974, 92, 1630, 893, 1806, 561, 573, 1147, 1086, 989, 813, 1427, 1787, 580, 1663, 503, 1549, 1769, 1150, 1409, 368, 726, 1715, 407, 863, 645, 1555, 1635, 1305, 1544, 182, 1086, 1365, 1340, 228, 609, 1665, 437, 1552, 0, 729, 1270, 418, 114, 1670, 959, 784, 1584, 826, 698, 601, 866, 1029, 1218, 541, 763, 619, 611, 1887, 950, 1266, 972, 425, 830, 1445, 975, 499, 1049, 1560, 354, 1116, 1687, 1766, 998, 1021, 1834, 1573, 1051, 404, 598, 1505, 1411, 958, 698, 1465, 203, 984, 1021, 1371, 876, 864], [1335, 1579, 607, 676, 1999, 389, 167, 344, 1165, 2293, 814, 1418, 1477, 1747, 1177, 955, 846, 718, 757, 621, 1139, 1924, 1308, 1622, 260, 1570, 2078, 1224, 1876, 361, 427, 1797, 947, 930, 644, 2080, 1884, 1333, 1550, 651, 1649, 989, 1688, 524, 572, 1454, 826, 1682, 729, 0, 1159, 1144, 746, 1385, 1374, 808, 1628, 1029, 1318, 949, 963, 1218, 828, 195, 1478, 614, 469, 1639, 264, 1364, 768, 795, 1286, 1843, 1701, 1199, 1593, 1761, 392, 1153, 2114, 1458, 1501, 742, 2001, 1479, 1611, 785, 1323, 1557, 1807, 287, 1110, 1099, 860, 984, 1374, 1506, 1556, 148], [766, 1831, 807, 1109, 1224, 825, 1070, 1218, 1059, 1344, 1274, 374, 1227, 589, 1169, 819, 375, 510, 403, 549, 320, 834, 1569, 463, 1040, 437, 1149, 305, 1240, 1167, 739, 679, 1025, 423, 640, 1496, 917, 266, 409, 1376, 1279, 459, 920, 1112, 698, 406, 881, 624, 1270, 1159, 0, 1549, 1173, 467, 880, 486, 503, 550, 1228, 776, 438, 492, 494, 1189, 1588, 672, 758, 631, 1053, 377, 391, 876, 925, 1099, 1820, 1367, 1208, 764, 1085, 254, 1348, 566, 1084, 430, 930, 325, 1251, 894, 1686, 449, 1073, 1023, 835, 465, 1181, 296, 779, 504, 1505, 1122], [1055, 437, 818, 527, 1547, 1001, 1275, 804, 603, 1964, 346, 1922, 763, 2023, 493, 743, 1499, 1460, 1337, 1172, 1756, 1905, 204, 1880, 922, 1745, 1779, 1362, 1327, 783, 1120, 1868, 529, 1125, 983, 1408, 1696, 1520, 1748, 517, 947, 1723, 1361, 643, 967, 1955, 669, 1690, 418, 1144, 1549, 0, 443, 1987, 986, 1079, 1766, 1028, 568, 784, 1113, 1197, 1588, 952, 424, 965, 995, 2180, 1369, 1451, 1314, 677, 851, 1417, 590, 284, 936, 1656, 772, 1349, 1616, 2085, 937, 1378, 1930, 1820, 920, 662, 179, 1689, 1387, 1377, 797, 1817, 381, 1252, 1084, 1523, 604, 1282], [871, 853, 388, 83, 1486, 557, 857, 436, 511, 1862, 105, 1537, 804, 1699, 475, 459, 1072, 1022, 912, 740, 1344, 1674, 572, 1556, 500, 1440, 1657, 1041, 1306, 396, 676, 1603, 299, 760, 561, 1461, 1522, 1197, 1436, 288, 995, 1294, 1229, 222, 533, 1571, 324, 1439, 114, 746, 1173, 443, 0, 1584, 848, 687, 1474, 715, 616, 487, 760, 916, 1152, 570, 731, 538, 552, 1794, 945, 1155, 892, 314, 721, 1337, 957, 453, 954, 1446, 355, 1009, 1582, 1680, 896, 948, 1720, 1471, 959, 294, 618, 1394, 1302, 950, 585, 1391, 119, 883, 908, 1258, 819, 872], [1224, 2290, 1199, 1512, 1598, 1138, 1253, 1538, 1524, 1619, 1689, 162, 1693, 584, 1631, 1274, 553, 668, 691, 871, 252, 1035, 2023, 558, 1343, 660, 1454, 756, 1654, 1497, 1024, 864, 1474, 873, 1025, 1909, 1224, 656, 625, 1749, 1736, 406, 1322, 1484, 1065, 169, 1318, 906, 1670, 1385, 467, 1987, 1584, 0, 1340, 907, 721, 1015, 1695, 1232, 896, 952, 560, 1472, 2053, 1051, 1092, 257, 1201, 782, 702, 1309, 1391, 1493, 2285, 1823, 1666, 1072, 1426, 718, 1716, 100, 1543, 675, 1138, 415, 1709, 1324, 2133, 717, 1473, 1168, 1301, 306, 1610, 749, 1233, 864, 1973, 1303], [117, 1095, 767, 849, 644, 1000, 1395, 1193, 385, 1015, 898, 1216, 369, 1151, 493, 429, 1077, 1136, 954, 908, 1189, 931, 901, 1021, 1128, 864, 813, 584, 502, 1136, 1031, 923, 551, 589, 765, 721, 710, 708, 880, 1137, 399, 1270, 385, 971, 825, 1239, 576, 740, 959, 1374, 880, 986, 848, 1340, 0, 668, 862, 415, 459, 427, 547, 388, 1215, 1271, 825, 785, 928, 1448, 1442, 594, 920, 603, 136, 491, 1021, 713, 328, 677, 1052, 626, 750, 1437, 203, 1015, 947, 1025, 370, 620, 1049, 796, 456, 1427, 275, 1316, 765, 663, 120, 604, 680, 1435], [591, 1400, 325, 622, 1230, 422, 779, 771, 673, 1490, 789, 850, 922, 1040, 762, 397, 459, 482, 307, 242, 680, 1127, 1124, 899, 619, 809, 1276, 427, 1150, 716, 398, 1014, 574, 121, 177, 1386, 1076, 560, 796, 895, 1037, 681, 909, 634, 249, 884, 412, 883, 784, 808, 486, 1079, 687, 907, 668, 0, 857, 257, 857, 358, 156, 415, 582, 778, 1181, 211, 342, 1108, 807, 565, 275, 401, 639, 1077, 1422, 930, 968, 953, 627, 367, 1351, 1006, 850, 365, 1199, 794, 1002, 417, 1228, 780, 1043, 787, 484, 759, 703, 208, 624, 702, 1143, 827], [754, 1949, 1171, 1429, 905, 1263, 1556, 1629, 1185, 899, 1562, 559, 1229, 294, 1304, 1034, 878, 1013, 891, 1007, 740, 337, 1728, 191, 1471, 68, 733, 438, 1010, 1573, 1201, 176, 1245, 745, 1034, 1253, 506, 298, 102, 1724, 1201, 925, 681, 1477, 1104, 559, 1151, 193, 1584, 1628, 503, 1766, 1474, 721, 862, 857, 0, 759, 1309, 998, 730, 569, 991, 1628, 1682, 1068, 1187, 697, 1548, 319, 872, 1159, 968, 827, 1883, 1527, 1141, 361, 1484, 490, 1016, 787, 1034, 927, 437, 306, 1186, 1179, 1867, 79, 815, 1519, 971, 893, 1444, 654, 742, 258, 1542, 1608], [333, 1282, 457, 675, 979, 641, 1021, 927, 509, 1265, 802, 921, 704, 998, 618, 284, 670, 722, 540, 500, 825, 971, 1026, 854, 810, 728, 1050, 334, 892, 868, 644, 890, 499, 177, 387, 1128, 868, 493, 727, 974, 797, 876, 662, 742, 457, 951, 391, 731, 826, 1029, 550, 1028, 715, 1015, 415, 257, 759, 0, 680, 244, 137, 209, 806, 966, 1038, 415, 562, 1174, 1057, 440, 506, 400, 406, 825, 1270, 822, 727, 764, 777, 322, 1099, 1115, 605, 601, 1029, 793, 763, 421, 1151, 680, 790, 1038, 286, 935, 687, 275, 367, 547, 961, 1067], [556, 639, 763, 661, 978, 1016, 1393, 1044, 185, 1397, 612, 1593, 202, 1591, 143, 463, 1315, 1330, 1164, 1050, 1503, 1389, 449, 1455, 1058, 1304, 1216, 969, 760, 997, 1097, 1380, 372, 839, 859, 868, 1152, 1116, 1315, 877, 396, 1535, 808, 815, 887, 1621, 523, 1197, 698, 1318, 1228, 568, 616, 1695, 459, 857, 1309, 680, 0, 499, 808, 775, 1438, 1164, 374, 861, 967, 1841, 1466, 1018, 1132, 552, 340, 850, 592, 284, 372, 1134, 935, 985, 1049, 1795, 370, 1220, 1400, 1435, 364, 555, 599, 1238, 821, 1461, 394, 1605, 499, 954, 574, 1053, 286, 1421], [409, 1057, 341, 461, 1066, 585, 980, 773, 314, 1407, 567, 1150, 584, 1242, 405, 42, 817, 832, 664, 557, 1022, 1186, 792, 1099, 700, 970, 1195, 579, 927, 714, 635, 1119, 254, 358, 376, 1133, 1043, 737, 970, 763, 726, 1039, 775, 559, 421, 1182, 168, 952, 601, 949, 776, 784, 487, 1232, 427, 358, 998, 244, 499, 0, 338, 431, 939, 844, 827, 387, 518, 1406, 1036, 678, 633, 188, 340, 910, 1067, 591, 662, 959, 628, 564, 1175, 1332, 558, 720, 1233, 1036, 688, 208, 911, 919, 875, 1025, 162, 1113, 446, 483, 449, 772, 785, 1018], [456, 1394, 441, 707, 1079, 575, 936, 906, 631, 1334, 856, 813, 841, 939, 736, 380, 533, 589, 407, 389, 694, 982, 1130, 796, 766, 688, 1119, 292, 1011, 849, 555, 878, 587, 43, 323, 1253, 921, 441, 681, 997, 934, 739, 757, 747, 397, 844, 450, 738, 866, 963, 438, 1113, 760, 896, 547, 156, 730, 137, 808, 338, 0, 258, 669, 925, 1158, 356, 495, 1069, 961, 424, 373, 450, 543, 928, 1393, 929, 864, 799, 759, 249, 1202, 996, 741, 467, 1050, 713, 900, 470, 1247, 651, 895, 940, 416, 799, 753, 146, 487, 555, 1092, 984], [273, 1406, 664, 880, 829, 829, 1195, 1134, 629, 1076, 999, 832, 744, 830, 747, 466, 726, 811, 632, 645, 804, 763, 1169, 689, 1010, 548, 861, 198, 786, 1076, 813, 687, 675, 297, 574, 1037, 667, 340, 553, 1181, 786, 901, 505, 951, 647, 857, 592, 523, 1029, 1218, 492, 1197, 916, 952, 388, 415, 569, 209, 775, 431, 258, 0, 867, 1168, 1147, 605, 749, 1071, 1219, 253, 599, 604, 447, 682, 1366, 966, 716, 556, 985, 238, 953, 1049, 592, 690, 820, 659, 758, 625, 1304, 492, 650, 1198, 406, 937, 877, 313, 288, 342, 1037, 1242], [1117, 1952, 770, 1072, 1677, 631, 693, 1014, 1254, 1834, 1257, 616, 1501, 1009, 1337, 976, 140, 132, 274, 416, 326, 1326, 1669, 913, 817, 923, 1634, 737, 1653, 980, 507, 1167, 1131, 628, 611, 1903, 1404, 754, 893, 1261, 1603, 162, 1359, 1006, 621, 650, 959, 1118, 1218, 828, 494, 1588, 1152, 560, 1215, 582, 991, 806, 1438, 939, 669, 867, 0, 930, 1751, 625, 607, 817, 643, 849, 306, 939, 1210, 1539, 1993, 1486, 1533, 1253, 923, 661, 1803, 630, 1410, 219, 1423, 749, 1569, 949, 1753, 942, 1509, 610, 1064, 272, 1208, 557, 1142, 987, 1725, 743], [1247, 1388, 514, 507, 1909, 366, 349, 149, 1023, 2229, 628, 1485, 1334, 1778, 1021, 843, 920, 807, 803, 640, 1221, 1905, 1121, 1646, 158, 1576, 2015, 1205, 1768, 174, 456, 1790, 800, 897, 602, 1959, 1834, 1330, 1559, 455, 1514, 1092, 1609, 351, 528, 1521, 701, 1661, 541, 195, 1189, 952, 570, 1472, 1271, 778, 1628, 966, 1164, 844, 925, 1168, 930, 0, 1298, 568, 441, 1720, 448, 1343, 806, 672, 1171, 1753, 1516, 1023, 1462, 1722, 230, 1141, 2020, 1553, 1379, 803, 1975, 1515, 1476, 658, 1131, 1554, 1718, 466, 999, 1203, 687, 974, 1286, 1479, 1388, 341], [928, 270, 1014, 805, 1258, 1248, 1585, 1157, 529, 1688, 672, 1958, 489, 1965, 422, 787, 1638, 1633, 1479, 1343, 1849, 1747, 220, 1829, 1230, 1678, 1528, 1339, 1022, 1123, 1349, 1748, 621, 1184, 1145, 1048, 1494, 1488, 1689, 907, 630, 1862, 1146, 954, 1156, 1986, 794, 1565, 763, 1478, 1588, 424, 731, 2053, 825, 1181, 1682, 1038, 374, 827, 1158, 1147, 1751, 1298, 0, 1139, 1217, 2208, 1670, 1392, 1450, 816, 714, 1153, 242, 282, 645, 1492, 1086, 1351, 1303, 2153, 697, 1531, 1751, 1807, 615, 811, 337, 1612, 1129, 1671, 755, 1940, 621, 1305, 944, 1425, 213, 1602], [731, 1329, 149, 462, 1390, 225, 612, 561, 679, 1678, 643, 1018, 968, 1243, 741, 410, 535, 500, 374, 209, 808, 1336, 1045, 1105, 410, 1019, 1463, 638, 1284, 506, 249, 1226, 518, 329, 34, 1505, 1273, 771, 1006, 706, 1113, 758, 1076, 441, 42, 1053, 346, 1092, 619, 614, 672, 965, 538, 1051, 785, 211, 1068, 415, 861, 387, 356, 605, 625, 568, 1139, 0, 147, 1272, 657, 775, 354, 322, 721, 1235, 1381, 867, 1048, 1155, 419, 578, 1508, 1146, 940, 413, 1407, 991, 1075, 328, 1128, 992, 1200, 643, 546, 854, 584, 416, 768, 910, 1140, 655], [877, 1386, 205, 469, 1537, 80, 467, 460, 791, 1824, 655, 1079, 1091, 1342, 839, 536, 547, 476, 400, 221, 841, 1468, 1100, 1208, 284, 1135, 1608, 766, 1429, 411, 132, 1350, 606, 464, 175, 1646, 1415, 889, 1119, 660, 1244, 757, 1223, 399, 104, 1115, 444, 1224, 611, 469, 758, 995, 552, 1092, 928, 342, 1187, 562, 967, 518, 495, 749, 607, 441, 1217, 147, 0, 1327, 518, 906, 393, 416, 858, 1382, 1457, 937, 1181, 1295, 335, 701, 1655, 1182, 1077, 421, 1541, 1083, 1206, 415, 1166, 1113, 1347, 506, 680, 861, 624, 533, 915, 1044, 1239, 509], [1331, 2456, 1416, 1726, 1602, 1378, 1510, 1780, 1680, 1554, 1898, 258, 1813, 467, 1792, 1449, 800, 921, 927, 1105, 500, 959, 2198, 507, 1587, 652, 1415, 873, 1695, 1736, 1268, 798, 1657, 1055, 1243, 1944, 1197, 740, 621, 1977, 1830, 664, 1361, 1711, 1291, 225, 1511, 890, 1887, 1639, 631, 2180, 1794, 257, 1448, 1108, 697, 1174, 1841, 1406, 1069, 1071, 8